paladin.txt
use rainbow
{
0000000000000000000000000000000
0111010000100011100000000000000
0020022002020002000000000000000
0030030303030003000000000000000
0040040400404004000000000000000
0000000000000000000000000000000
0000220002002000200220020200200
0000303030303003030303030330300
0000440044404004440404040404400
0000500050505505050550050500500
0000000000000000000000000000000
0000006660066000600000000000000
0000000700777707070077077000000
0000000800800008080080808000000
0000000100011000101010101000000
0000000000000000000000000000000
}
